* Banaszak   Lolita f    BPHKPLPKXXX   PL61123400110011000012300678     16/12/2016 0123456789
 10 23 30 38   2 4 
 24 26 33 40   2 6
 14 26 33 47   4 9
 12 15 16 30   1 2
 14 20 27 28   1 7
*Fajfus Tadeusz     m    ALBPPLPWXXX  PL61123456780002200022346678   6/12/2016  0123456789
 13 21 37 41   1 6
  6 23 40 41   3 8
 17 23 24 35   5 10
 30 33 34 37   5 7
  7  8 26 34   4 10
 10 15 25 31   3 4
*Burak Helena       F    WBKPPLPPXXX    PL62123456780001100011345611    28/11/2016 0123456789
  5 16 18 37 39   2 6
 10 28 40 43 46   2 5
 25 29 31 34 47   4 9
*Pawlik Pamela      F    POLUPLPRXXX  PL63123456780000000012345678      24/11/2016  0123456789
  2 15 33 43 45   9 5
 13 17 21 29 47   4 7
 14 18 27 38 43   4 9
  5  6 18 24 42   1 8
*Mielnus Katarzyna  F    CITIPLPXXXX   PL64123456003333000012345600     2/12/2016  0123456789
 24 27 31 41 46   5 5 
 23 38 42 46 49   7 8
  5 23 32 39 44   8 9
  9 10 16 28 43   1 2
 10 23 27 28 39   3 4
  8 17 31 36 42   5 6
 17 26 29 32 47   7 8
*Piernik Marcin     M    BIGBPLPWXXX   PL65123456780000444412300678  4/12/2016  0123456789
 29 40 43 44 49   8 8 
 15 32 37 29 42   9 9
*Anderson Pamela    f    DEUTPLPXXXX   PL67123456784444000010045678     1/5/2016   0123456789
 24  23  29  36  42   1 1
 46  44   9  24   7   2 2
 27  46   3  13   5   3 3
 43  17  44  10   6   5 7
 27  48   8  18   5   4 2
  9   4  24  12  22   8 4
 40  48  47   1  3   5 6
 48  45  12  46  41   5 9
*Lopez Jennifer      f   DEUTPLPXXXX   PL67123456780000333312345678     21/12/2016  0123456789
 14  45  38  37  11   4 5
 16  25  46  34  48   3 2
 31  21  29  22  11   7 9
 40  17   6  37  29   9 1
 31  21  29  22  11   8 7
 16  25  46  34  48   4 1
*Krupa Joanna        f   RCBWPLPWXXX   PL56123456780000000012345000    19/11/2016  0123456789
 14  45  38  37  11   3 6
*Mucha Anna          f   INGBPLPWXXX   PL54123456780000222212300078     12/10/2016  0123456789
 48  45  12  46  41   1 5
 40  48  47   1  35   4 5
  9   4  24  12  22   8 9
 27  48   8  18   5   2 3
 43  17  44  10   6   1 7
 27  46   3  13   5   3 8
 46  44   9  24   7   3 9
*Brosnan Pierce      m   INGBPLPWXXX   PL54123456780000222212300078     12/10/2016  0123456789  
 39  40  27  25  18   2 7
 49   4  47  29  16   2 8
  4  12  27  25  16   5 9  